16
(1961,1799)
5000
(605,102)
(1021,510)
(1760,1619)
(1295,683)
(987,1167)
(1808,205)
(1193,1514)
(1012,344)
(1965,850)
(136,887)
(1941,1091)
(1236,1992)
(1681,245)
(1614,1715)
(337,1476)
(1343,1121)
(1501,267)
(1738,441)
(1713,1247)
(188,1297)
(1785,216)
(562,1889)
(1414,1989)
(1303,879)
(1477,338)
(1601,432)
(1208,1584)
(1278,725)
(41,1690)
(1473,1736)
(1564,1274)
(757,1891)
(949,1262)
(1239,752)
(1331,988)
(133,327)
(1850,1464)
(1978,1768)
(112,559)
(1524,1380)
(390,1497)
(462,75)
(479,441)
(289,1847)
(351,1988)
(1113,829)
(159,1688)
(990,1826)
(1121,934)
(861,581)
(339,1618)
(814,1376)
(379,1072)
(501,1347)
(554,969)
(613,582)
(1092,1962)
(1600,1684)
(601,114)
(344,1609)
(1955,315)
(285,1498)
(1905,1699)
(1582,43)
(714,791)
(622,989)
(604,1210)
(1114,1175)
(894,597)
(1776,405)
(1935,0)
(1863,156)
(856,909)
(1891,1538)
(1096,697)
(773,1911)
(1619,1911)
(1020,261)
(1269,758)
(578,1992)
(1805,744)
(1294,1118)
(1213,1518)
(325,40)
(1961,1739)
(1190,872)
(24,1337)
(690,1799)
(1179,25)
(956,1459)
(1067,409)
(1651,89)
(1347,789)
(981,335)
(1620,1986)
(1727,1367)
(1379,1992)
(1787,1712)
(635,1626)
(1061,201)
(576,667)
(1183,1434)
(1683,843)
(681,1903)
(1501,563)
(775,245)
(1408,1562)
(1854,1136)
(8,1893)
(1615,397)
(10,515)
(1160,354)
(346,98)
(803,284)
(460,1712)
(1820,561)
(1073,1754)
(451,104)
(687,504)
(906,162)
(738,856)
(467,1960)
(218,1639)
(1746,898)
(1537,15)
(620,1353)
(581,1245)
(689,1143)
(346,60)
(1289,1838)
(559,698)
(1631,1915)
(490,1476)
(1529,924)
(1067,5)
(908,1487)
(1509,462)
(872,1966)
(759,973)
(410,1301)
(1545,647)
(494,863)
(1363,1302)
(1113,154)
(1358,1130)
(47,1897)
(146,1346)
(1112,559)
(1273,708)
(1003,321)
(504,1346)
(176,1024)
(1918,30)
(351,147)
(43,1034)
(544,1127)
(392,269)
(509,155)
(590,1347)
(1905,1340)
(1652,674)
(1929,1294)
(322,1358)
(1156,627)
(502,1866)
(1387,76)
(1722,430)
(654,1809)
(148,771)
(144,1838)
(686,1604)
(1242,1396)
(676,488)
(1874,434)
(1666,758)
(443,945)
(1839,1391)
(197,1792)
(1404,1674)
(1226,830)
(1519,384)
(1251,1504)
(1691,1070)
(577,1650)
(991,518)
(288,381)
(45,1824)
(478,26)
(1449,705)
(222,447)
(1224,395)
(628,742)
(12,345)
(1035,1300)
(525,1285)
(748,1521)
(1271,1137)
(1817,1050)
(1002,1938)
(1458,1541)
(22,966)
(1375,1748)
(1548,1790)
(600,1444)
(1281,1855)
(1783,366)
(1499,402)
(1405,646)
(711,1352)
(1181,1389)
(470,1431)
(339,51)
(1174,1074)
(1385,631)
(1040,1948)
(739,848)
(322,4)
(361,897)
(22,547)
(1926,1451)
(162,1149)
(229,939)
(1382,1261)
(156,1225)
(818,1118)
(226,1195)
(1717,1933)
(966,211)
(475,238)
(940,217)
(756,1012)
(1931,1262)
(1917,177)
(942,1526)
(749,796)
(909,1913)
(1766,283)
(1597,399)
(947,586)
(1711,142)
(573,566)
(1162,857)
(1496,112)
(1394,122)
(1436,41)
(762,1647)
(1366,33)
(5,1923)
(1756,1109)
(1811,697)
(1721,262)
(1921,1003)
(603,1056)
(590,376)
(689,1239)
(668,573)
(1411,747)
(484,1873)
(1401,905)
(1753,680)
(1538,1101)
(571,1945)
(1870,1936)
(157,76)
(1234,1863)
(1987,280)
(120,1879)
(744,724)
(1873,1326)
(1564,870)
(1994,694)
(445,1555)
(932,1152)
(1465,1033)
(1199,1235)
(1554,179)
(1803,482)
(1495,1760)
(133,980)
(1929,26)
(884,1064)
(1279,302)
(1210,954)
(1240,1601)
(765,710)
(548,13)
(974,689)
(1584,234)
(1515,294)
(573,1301)
(482,1302)
(937,44)
(1862,1425)
(856,1558)
(168,482)
(440,1492)
(696,1919)
(651,385)
(988,462)
(723,1397)
(1297,884)
(1450,1584)
(1485,58)
(1941,235)
(155,1113)
(1733,1518)
(1328,342)
(54,345)
(194,582)
(547,69)
(643,1231)
(1249,1235)
(358,587)
(63,1181)
(1615,569)
(785,113)
(701,179)
(1394,1699)
(718,1732)
(381,1769)
(1958,1953)
(923,1332)
(282,1237)
(1278,628)
(581,336)
(442,243)
(1509,770)
(1284,684)
(715,1569)
(108,1870)
(1237,188)
(391,376)
(1366,1750)
(1790,1275)
(145,674)
(1763,1755)
(1651,1161)
(943,1012)
(801,205)
(173,1504)
(1096,1002)
(1973,1380)
(1359,1438)
(1575,609)
(478,51)
(708,141)
(526,180)
(1951,1641)
(562,1361)
(857,784)
(197,1620)
(376,267)
(1644,1612)
(1570,1479)
(305,1016)
(1313,1329)
(489,1946)
(1271,395)
(973,205)
(424,602)
(548,728)
(93,1775)
(361,1731)
(1705,1747)
(970,1769)
(1493,529)
(987,857)
(907,590)
(605,1422)
(1241,1468)
(568,1196)
(931,1286)
(1732,1096)
(1768,572)
(1206,564)
(474,1461)
(1606,969)
(1223,771)
(779,631)
(732,1878)
(1062,1605)
(454,944)
(1784,167)
(314,1916)
(1146,1072)
(500,1573)
(308,586)
(798,1923)
(773,544)
(164,1526)
(1150,1211)
(645,1027)
(114,701)
(1868,581)
(528,1364)
(804,60)
(1460,497)
(220,1683)
(1398,1492)
(191,1846)
(1731,782)
(402,750)
(464,698)
(416,744)
(1983,458)
(1435,1039)
(13,1483)
(30,261)
(1203,212)
(1989,18)
(777,30)
(98,1427)
(1306,226)
(55,1200)
(652,895)
(1843,1668)
(0,1733)
(1700,449)
(728,1113)
(284,1298)
(183,73)
(1928,739)
(714,22)
(716,676)
(1544,1065)
(1750,1861)
(1090,394)
(575,1670)
(88,1875)
(206,1909)
(416,922)
(149,586)
(1388,1949)
(766,1567)
(975,301)
(721,1335)
(287,787)
(899,87)
(1242,127)
(1780,1488)
(61,1538)
(366,241)
(1616,1958)
(1659,483)
(280,593)
(1706,253)
(356,784)
(1725,1731)
(400,1504)
(1024,1268)
(350,1061)
(1408,675)
(1726,731)
(641,1216)
(1970,1930)
(1186,652)
(1131,484)
(1993,989)
(595,927)
(288,216)
(554,689)
(110,248)
(1938,1594)
(1481,922)
(124,138)
(31,345)
(485,582)
(902,950)
(1803,1613)
(1807,1139)
(1844,1083)
(956,1996)
(588,16)
(1746,456)
(899,1508)
(639,634)
(561,608)
(1584,139)
(1371,1418)
(1656,1947)
(847,1655)
(1168,1139)
(1517,1549)
(538,226)
(1212,696)
(1686,1770)
(1974,729)
(1791,174)
(952,648)
(628,1923)
(718,220)
(1862,51)
(488,1825)
(981,1932)
(1365,221)
(198,1485)
(1463,1258)
(219,1031)
(247,1879)
(1798,537)
(959,546)
(763,13)
(963,1081)
(209,509)
(1892,901)
(802,1621)
(255,469)
(1436,1304)
(478,669)
(744,986)
(1837,633)
(773,779)
(1316,1389)
(37,1065)
(38,1505)
(1010,804)
(1758,1168)
(869,1102)
(1422,593)
(1631,536)
(566,1998)
(1400,244)
(1820,1208)
(564,56)
(1173,41)
(1349,694)
(64,359)
(1868,1815)
(57,1224)
(1014,145)
(1734,602)
(878,1911)
(478,560)
(1209,462)
(42,527)
(839,438)
(411,441)
(1788,441)
(836,659)
(1101,195)
(468,521)
(1295,1383)
(382,1017)
(1130,613)
(1656,153)
(1518,83)
(448,1413)
(863,1503)
(1313,390)
(786,625)
(948,538)
(556,1814)
(134,298)
(1273,1645)
(1678,1038)
(1576,1597)
(655,1437)
(1398,212)
(1815,90)
(192,1574)
(1117,749)
(1070,24)
(1007,853)
(1747,722)
(1718,1827)
(417,1011)
(1518,1632)
(839,1075)
(1466,1606)
(1856,193)
(401,930)
(788,935)
(487,1986)
(628,1360)
(87,531)
(835,999)
(1447,1994)
(609,721)
(325,1101)
(1590,1374)
(843,1753)
(1456,638)
(1181,784)
(996,1468)
(1633,902)
(426,383)
(874,246)
(1118,1396)
(1502,319)
(1703,131)
(1148,656)
(1271,233)
(400,885)
(812,1458)
(969,710)
(1093,872)
(908,839)
(1414,70)
(473,348)
(166,715)
(758,976)
(1758,1421)
(417,957)
(1165,1428)
(1603,889)
(350,266)
(230,1548)
(1414,714)
(1537,668)
(1726,717)
(1090,485)
(1926,1810)
(492,1883)
(1853,568)
(1052,247)
(1145,1483)
(1920,1188)
(942,1310)
(368,1381)
(118,211)
(1435,1808)
(662,1904)
(1419,1919)
(1178,1482)
(1319,1441)
(359,481)
(643,1623)
(930,27)
(814,1024)
(1952,639)
(286,217)
(1673,887)
(1602,1292)
(1103,1453)
(1082,563)
(64,1662)
(1072,16)
(1541,133)
(1,903)
(1892,486)
(1830,305)
(72,1343)
(369,97)
(576,1445)
(186,1822)
(1220,817)
(445,499)
(551,60)
(692,396)
(359,224)
(702,477)
(485,477)
(173,808)
(1747,389)
(1311,895)
(1121,766)
(50,111)
(1209,1502)
(1403,1704)
(645,1713)
(700,1)
(460,1077)
(576,554)
(441,363)
(521,258)
(1417,630)
(374,568)
(1420,1980)
(1851,1758)
(70,1941)
(511,1124)
(1007,1081)
(1263,1263)
(554,1393)
(256,467)
(487,1213)
(595,1818)
(1781,1181)
(1528,816)
(1826,548)
(491,226)
(530,1266)
(403,48)
(1109,366)
(145,1618)
(1626,1030)
(1202,1589)
(1081,1120)
(1658,82)
(32,1360)
(1692,1077)
(1772,220)
(994,1401)
(864,567)
(1619,1912)
(1290,764)
(364,1221)
(44,1738)
(1056,1916)
(1346,875)
(1986,1727)
(1190,78)
(1492,1854)
(1956,11)
(1031,957)
(299,746)
(480,984)
(1941,1756)
(925,174)
(630,408)
(110,1728)
(1530,1182)
(1038,90)
(44,456)
(1685,753)
(573,429)
(990,1044)
(978,1115)
(284,1968)
(1030,654)
(1532,202)
(779,1)
(1456,1337)
(1267,49)
(1057,774)
(398,1184)
(455,735)
(1979,80)
(459,1430)
(262,200)
(1209,1114)
(1011,1868)
(526,322)
(901,709)
(1440,6)
(1758,237)
(1478,1136)
(1807,967)
(704,1751)
(1472,1248)
(1485,722)
(1587,1048)
(1082,885)
(1615,1137)
(154,672)
(537,413)
(1191,1700)
(1374,557)
(971,1591)
(1209,1016)
(891,146)
(1838,1358)
(517,121)
(1319,206)
(786,382)
(1077,865)
(293,1149)
(121,965)
(1899,1013)
(1331,1679)
(328,1538)
(756,1170)
(1306,1382)
(1528,1679)
(1522,1681)
(1447,1769)
(176,373)
(991,476)
(1776,1070)
(1846,572)
(1475,1875)
(1462,1088)
(1855,535)
(9,1488)
(601,1358)
(1753,1363)
(1483,566)
(1928,39)
(255,364)
(200,1116)
(622,1318)
(465,834)
(1586,781)
(1581,128)
(1520,270)
(261,1978)
(746,185)
(1417,1306)
(1987,1790)
(1960,494)
(309,1630)
(332,1910)
(1277,1724)
(553,1120)
(539,1340)
(1743,1394)
(1487,1901)
(144,229)
(167,1443)
(1614,1452)
(1369,813)
(1759,705)
(1665,1949)
(1002,744)
(79,1677)
(1438,1813)
(709,1369)
(1260,359)
(1291,1863)
(1773,1610)
(1888,1202)
(219,1514)
(1967,1898)
(39,1048)
(520,1272)
(429,517)
(663,1984)
(848,1192)
(278,573)
(1683,309)
(1062,304)
(612,621)
(863,867)
(1091,1945)
(1758,1693)
(918,335)
(1742,1072)
(1845,381)
(1503,976)
(382,501)
(1427,268)
(1422,211)
(482,888)
(866,539)
(1905,1756)
(1231,233)
(55,1912)
(142,860)
(1363,1871)
(1771,992)
(1811,1012)
(274,1965)
(192,1295)
(168,1857)
(49,1713)
(1633,1250)
(1865,714)
(733,1207)
(443,248)
(1448,65)
(1581,946)
(293,1846)
(1263,1252)
(1232,1129)
(1864,911)
(1794,1307)
(439,1559)
(1779,1935)
(1825,326)
(827,1860)
(454,962)
(1234,677)
(1090,237)
(1379,1352)
(1269,1328)
(1430,204)
(1171,825)
(1443,863)
(203,1592)
(1140,129)
(1706,775)
(255,316)
(1964,185)
(457,198)
(297,224)
(1846,1769)
(867,860)
(1588,258)
(912,1662)
(760,789)
(1639,559)
(617,1454)
(1838,1393)
(857,133)
(367,69)
(398,807)
(1193,618)
(694,629)
(1097,182)
(873,503)
(133,1107)
(7,332)
(1490,1117)
(1399,479)
(1920,1420)
(309,586)
(1157,1577)
(741,30)
(1816,1255)
(1501,639)
(1397,682)
(382,543)
(430,1956)
(1670,1245)
(1869,1694)
(1940,956)
(559,657)
(249,373)
(212,1806)
(1788,1930)
(81,1699)
(852,759)
(1652,549)
(442,1311)
(1796,1327)
(183,1153)
(1409,668)
(143,1640)
(186,65)
(1321,307)
(536,1373)
(1505,343)
(662,309)
(309,275)
(815,195)
(1891,1823)
(483,1004)
(407,1978)
(346,646)
(477,663)
(1785,1184)
(309,207)
(364,1989)
(1622,65)
(1110,373)
(1986,230)
(820,656)
(168,22)
(1998,571)
(923,848)
(673,1414)
(1620,1575)
(806,473)
(661,1061)
(176,1544)
(742,1204)
(1744,1179)
(570,501)
(539,660)
(636,338)
(70,985)
(1591,1614)
(1102,1843)
(297,319)
(1174,352)
(267,1932)
(1259,1873)
(1474,1048)
(434,310)
(1842,198)
(413,280)
(582,226)
(1970,1458)
(1121,752)
(40,1916)
(304,931)
(1008,50)
(2,1269)
(346,1751)
(397,1979)
(1517,1976)
(315,346)
(509,617)
(918,1216)
(496,1763)
(942,303)
(52,1193)
(572,1052)
(1820,293)
(289,569)
(280,1703)
(1033,1891)
(156,26)
(851,1672)
(267,1595)
(841,593)
(1918,373)
(807,1971)
(137,733)
(1517,1696)
(529,140)
(411,314)
(1380,378)
(379,381)
(1567,1913)
(1930,476)
(570,1159)
(1975,1897)
(1872,958)
(602,1025)
(1591,1796)
(259,905)
(1702,1833)
(473,1844)
(907,803)
(1709,731)
(1418,1186)
(1848,1908)
(61,1080)
(507,1706)
(1638,1746)
(861,1915)
(684,718)
(1042,1622)
(1109,1115)
(1574,1510)
(350,856)
(1987,749)
(1170,131)
(1755,1336)
(1609,46)
(785,1852)
(1466,1701)
(1316,1925)
(1001,1171)
(143,1341)
(1122,104)
(510,1848)
(1794,732)
(1866,404)
(1653,1647)
(1093,1275)
(981,275)
(293,1637)
(89,1281)
(1987,215)
(996,613)
(1419,312)
(1206,1210)
(971,751)
(971,304)
(1294,1938)
(1389,278)
(1444,1406)
(457,206)
(745,944)
(1371,115)
(1067,1835)
(1695,1577)
(1467,770)
(1219,1263)
(207,474)
(494,1533)
(615,1814)
(992,398)
(819,1477)
(582,1909)
(1234,232)
(1156,1779)
(1864,362)
(1153,141)
(1376,871)
(573,684)
(164,974)
(761,1213)
(628,1542)
(1031,1451)
(591,706)
(996,191)
(481,596)
(13,1110)
(1758,1554)
(1505,1814)
(298,1818)
(1943,526)
(1180,1486)
(245,1074)
(966,94)
(1064,939)
(1779,1935)
(1392,1629)
(496,1327)
(514,116)
(1536,816)
(839,650)
(1349,1345)
(633,1092)
(1344,397)
(1564,1915)
(1435,1263)
(929,1608)
(1099,1575)
(1705,46)
(1321,814)
(1976,895)
(1303,951)
(203,1393)
(678,981)
(1455,1212)
(1507,1724)
(1238,1293)
(1414,1335)
(1651,628)
(1265,672)
(140,787)
(1921,171)
(437,1686)
(1243,1126)
(1076,503)
(197,214)
(281,1572)
(1220,1771)
(584,986)
(1213,1919)
(586,1499)
(246,143)
(642,1338)
(740,1474)
(1959,1722)
(704,112)
(1048,715)
(328,332)
(1486,631)
(1866,1587)
(1921,1219)
(374,1372)
(1627,1991)
(1241,47)
(285,1548)
(1082,1470)
(1285,1755)
(1848,351)
(537,1568)
(514,537)
(1783,644)
(1594,1034)
(403,1162)
(1337,1896)
(1230,467)
(1621,1354)
(1127,143)
(807,1056)
(29,440)
(418,1759)
(72,1989)
(1293,1687)
(916,1328)
(1904,110)
(75,963)
(989,1974)
(1357,329)
(363,643)
(1435,1205)
(1966,982)
(1608,1227)
(1532,222)
(1245,801)
(1611,547)
(630,1959)
(468,1804)
(638,1172)
(150,561)
(1427,923)
(1113,843)
(1258,908)
(51,1537)
(403,1395)
(1786,1662)
(1465,1659)
(1180,1156)
(873,1046)
(1317,1060)
(99,956)
(77,1048)
(1027,793)
(1052,495)
(781,1215)
(80,1485)
(278,1951)
(1400,1564)
(187,442)
(293,1396)
(856,1380)
(984,693)
(200,1620)
(422,1065)
(1231,903)
(400,1438)
(23,1538)
(1549,719)
(1084,1003)
(95,265)
(41,676)
(508,1345)
(790,1970)
(1868,1865)
(159,1120)
(1798,592)
(1652,924)
(1782,1807)
(662,1491)
(430,1118)
(871,445)
(308,1517)
(482,782)
(1295,490)
(364,577)
(1374,238)
(6,1280)
(1337,56)
(1649,144)
(691,1840)
(787,1238)
(1210,340)
(1865,234)
(771,1501)
(250,1726)
(1385,1978)
(1778,1562)
(994,1393)
(1648,1615)
(1774,430)
(1869,443)
(1644,1342)
(574,1213)
(1983,334)
(1928,1861)
(1498,1341)
(73,1487)
(1873,1375)
(669,100)
(697,89)
(1937,1404)
(582,259)
(1887,1802)
(46,485)
(1922,1905)
(485,677)
(893,785)
(1502,1175)
(852,891)
(1456,1949)
(1787,602)
(1770,1688)
(373,1182)
(1183,799)
(114,632)
(733,429)
(1786,1348)
(110,465)
(681,527)
(228,1986)
(944,70)
(1080,1425)
(213,1374)
(1774,1510)
(1924,1704)
(884,818)
(18,23)
(1591,1615)
(985,1312)
(131,1655)
(601,973)
(1432,1092)
(1712,1260)
(1375,1649)
(1642,1334)
(868,1390)
(1844,1147)
(44,85)
(157,1683)
(1874,1649)
(1063,118)
(603,1249)
(1714,623)
(1897,1600)
(1346,60)
(555,386)
(723,342)
(687,1447)
(692,1684)
(1896,601)
(1752,761)
(906,1484)
(444,637)
(936,1774)
(883,1038)
(1930,1837)
(499,1454)
(1570,401)
(1336,1201)
(224,60)
(1037,1851)
(1016,70)
(631,1736)
(1024,730)
(256,255)
(169,1990)
(790,121)
(1541,1687)
(1079,48)
(693,1427)
(237,943)
(604,1249)
(269,1868)
(1666,141)
(171,1654)
(938,1869)
(897,24)
(1208,1891)
(960,1752)
(1401,680)
(1051,1811)
(1530,1084)
(384,1176)
(1367,0)
(1879,403)
(1001,579)
(1046,393)
(357,979)
(1510,1800)
(1242,220)
(848,1716)
(1713,738)
(1119,1840)
(1644,1343)
(974,1097)
(1952,102)
(1505,529)
(133,1314)
(1504,1574)
(800,1383)
(412,34)
(620,1261)
(738,911)
(1636,1829)
(1835,622)
(372,14)
(474,1717)
(938,197)
(584,496)
(380,973)
(863,1109)
(174,156)
(1604,1310)
(219,328)
(886,1995)
(946,164)
(70,130)
(1305,1599)
(793,269)
(1894,506)
(544,224)
(643,1548)
(1700,1235)
(1642,544)
(434,1537)
(1519,568)
(965,1671)
(199,445)
(169,929)
(807,0)
(605,587)
(1294,1228)
(1136,1619)
(1031,1846)
(884,1158)
(1078,312)
(1069,352)
(596,290)
(368,805)
(338,1215)
(402,810)
(661,420)
(1430,1566)
(330,178)
(1210,1082)
(711,409)
(790,323)
(877,1241)
(99,345)
(1125,1672)
(466,800)
(1509,1581)
(900,245)
(1650,1543)
(1978,700)
(1222,1854)
(231,52)
(1782,352)
(1305,1108)
(1527,199)
(1856,941)
(1550,15)
(1713,388)
(133,1081)
(729,238)
(325,75)
(940,126)
(1256,1737)
(70,692)
(1019,1629)
(1287,115)
(46,731)
(1458,750)
(1542,1304)
(726,1551)
(264,1252)
(1668,1020)
(1467,761)
(184,1194)
(1423,1683)
(872,738)
(370,1260)
(532,1017)
(517,764)
(1138,630)
(1290,756)
(1538,329)
(244,35)
(330,833)
(41,305)
(1965,1069)
(736,125)
(939,136)
(614,1894)
(832,947)
(119,178)
(1884,492)
(1096,1463)
(241,1530)
(1348,1804)
(973,1262)
(945,438)
(1445,1896)
(1340,702)
(1136,1474)
(581,850)
(1875,1001)
(1856,464)
(1528,578)
(1990,832)
(1965,658)
(1303,786)
(1220,555)
(718,801)
(994,258)
(1443,1951)
(870,1617)
(1224,793)
(1606,1066)
(717,1291)
(846,418)
(445,345)
(1614,747)
(508,943)
(1546,911)
(1475,1158)
(1407,636)
(1290,1423)
(1660,1228)
(1754,841)
(527,174)
(379,185)
(1157,1288)
(1379,1680)
(1773,1844)
(644,1475)
(1217,1090)
(1008,352)
(1408,1591)
(1384,1108)
(1272,1877)
(1121,85)
(434,949)
(687,1952)
(1664,907)
(1053,1364)
(790,130)
(1377,1383)
(578,1956)
(436,412)
(1725,804)
(1441,1328)
(1445,1090)
(69,1982)
(348,236)
(1746,667)
(1088,689)
(234,1184)
(211,579)
(1105,1568)
(1693,477)
(468,1770)
(393,1422)
(164,1185)
(1827,202)
(1220,738)
(782,22)
(811,1251)
(1768,160)
(1897,267)
(167,1538)
(323,1673)
(1968,1734)
(1926,30)
(335,1377)
(1161,1413)
(879,27)
(1635,108)
(181,903)
(256,633)
(830,1954)
(502,805)
(1451,1180)
(1978,1268)
(797,1645)
(737,85)
(86,747)
(1812,864)
(917,1303)
(934,169)
(169,749)
(1162,657)
(405,355)
(642,191)
(982,1825)
(1464,867)
(1447,1845)
(1551,521)
(811,384)
(1669,579)
(65,1715)
(328,376)
(1286,1581)
(176,250)
(725,763)
(1727,1129)
(869,934)
(865,1947)
(1069,804)
(739,334)
(1690,563)
(1679,1443)
(1737,498)
(703,1368)
(1176,193)
(709,429)
(782,1296)
(852,1954)
(1572,1525)
(732,1753)
(650,1020)
(219,1086)
(1603,1330)
(391,1322)
(1123,1857)
(1704,1445)
(1160,980)
(484,1524)
(1409,1133)
(38,831)
(54,1198)
(130,601)
(1668,1473)
(1500,1770)
(1337,1125)
(1028,76)
(344,690)
(1032,336)
(273,450)
(1245,627)
(1116,1173)
(685,0)
(932,277)
(1096,744)
(854,770)
(789,759)
(1740,614)
(1250,404)
(1586,779)
(867,596)
(1020,1833)
(554,1863)
(510,684)
(1826,846)
(1948,29)
(649,1953)
(1292,515)
(1081,1361)
(1606,1060)
(145,608)
(1460,1019)
(1187,355)
(30,1813)
(596,1307)
(1755,1489)
(493,710)
(1131,783)
(1320,1838)
(1768,264)
(1974,799)
(1995,473)
(1107,1201)
(505,259)
(1405,998)
(79,124)
(302,1705)
(1333,1137)
(153,1481)
(1077,1341)
(1061,1128)
(1759,1406)
(1200,1859)
(1623,1469)
(1891,1440)
(1998,310)
(1026,78)
(1170,224)
(727,85)
(1953,1764)
(1525,927)
(1947,947)
(172,1074)
(1419,663)
(956,1007)
(213,486)
(1275,530)
(686,279)
(1676,843)
(1575,1114)
(1787,309)
(1660,508)
(918,1277)
(1250,585)
(1222,679)
(417,1253)
(1599,1784)
(486,794)
(619,1967)
(1252,1576)
(1714,1681)
(1009,62)
(1415,22)
(229,874)
(102,1639)
(1201,1300)
(835,1141)
(563,982)
(438,309)
(1653,1291)
(1684,692)
(413,1763)
(520,1256)
(1339,1074)
(372,1160)
(368,1002)
(905,1787)
(1319,1191)
(1654,1337)
(1779,497)
(1622,516)
(1987,646)
(366,1815)
(577,898)
(1570,1757)
(822,213)
(1985,946)
(437,1362)
(1168,1395)
(133,690)
(416,1327)
(566,172)
(677,968)
(347,563)
(186,237)
(1734,1682)
(1955,674)
(1991,1320)
(831,587)
(379,401)
(171,1494)
(332,1244)
(1414,778)
(845,371)
(4,1486)
(1540,1212)
(879,93)
(1520,1414)
(693,1060)
(649,1852)
(779,1470)
(1371,1729)
(972,1988)
(244,311)
(79,1529)
(1139,1026)
(655,1603)
(1964,229)
(1273,1185)
(1456,704)
(773,1564)
(1274,407)
(1608,612)
(156,1573)
(1699,244)
(967,1604)
(1661,725)
(46,1268)
(590,151)
(322,606)
(1244,572)
(198,186)
(223,355)
(635,976)
(252,656)
(1289,1589)
(394,973)
(1766,1032)
(1890,211)
(166,618)
(1638,1527)
(1560,832)
(1120,331)
(1140,1087)
(913,1415)
(1950,1170)
(957,281)
(219,559)
(1282,1816)
(1062,268)
(925,573)
(1926,1007)
(426,683)
(666,169)
(1106,987)
(456,863)
(1818,634)
(1526,63)
(775,1581)
(1037,607)
(1048,53)
(1492,176)
(650,246)
(19,527)
(367,44)
(1049,436)
(884,43)
(1960,562)
(402,481)
(613,1920)
(1252,817)
(1236,217)
(1676,1698)
(1816,743)
(1310,1197)
(1374,295)
(1756,1421)
(1395,874)
(314,442)
(1807,1246)
(1826,1973)
(864,1218)
(1757,614)
(1820,260)
(1441,95)
(47,532)
(408,1629)
(1658,1446)
(37,545)
(125,777)
(1518,171)
(47,1443)
(1050,192)
(428,637)
(1310,1706)
(451,1311)
(955,1389)
(1364,547)
(538,960)
(668,792)
(426,1527)
(1562,1497)
(728,1122)
(1419,1302)
(1384,1966)
(739,1899)
(1695,1687)
(1146,1739)
(1832,1290)
(134,1959)
(251,1564)
(911,1656)
(736,1068)
(1256,672)
(1033,1469)
(853,493)
(1118,1238)
(361,142)
(499,764)
(885,1317)
(1976,309)
(77,1026)
(902,317)
(1064,1300)
(45,779)
(1940,1215)
(1066,1299)
(1416,852)
(261,969)
(734,1430)
(376,1590)
(601,529)
(1193,638)
(1890,809)
(500,319)
(1156,1998)
(1320,1459)
(1686,1777)
(666,935)
(1901,559)
(163,1103)
(1854,816)
(1198,1245)
(444,277)
(1330,1681)
(1841,421)
(1870,246)
(2,553)
(1622,1769)
(740,324)
(1568,690)
(1970,1904)
(1522,1193)
(1632,1167)
(409,1684)
(176,739)
(196,835)
(1055,1833)
(155,1961)
(549,760)
(384,1906)
(1970,1294)
(1262,1274)
(155,837)
(1418,277)
(635,1564)
(228,1638)
(1788,1127)
(1651,1052)
(146,1331)
(215,546)
(748,793)
(1565,1735)
(770,1429)
(748,1815)
(739,1551)
(1319,1947)
(164,1773)
(150,1905)
(832,977)
(637,1740)
(409,1853)
(238,715)
(99,620)
(771,1647)
(178,1445)
(1316,539)
(468,1114)
(446,248)
(1080,1834)
(15,1562)
(431,833)
(1958,3)
(1611,378)
(179,1768)
(772,1876)
(1665,610)
(1178,80)
(1741,829)
(1176,1030)
(65,685)
(795,1646)
(503,956)
(77,617)
(980,795)
(1516,623)
(528,79)
(935,1066)
(369,1488)
(746,263)
(639,1093)
(536,623)
(1493,507)
(846,794)
(408,1380)
(1122,1614)
(1372,1910)
(1612,40)
(1917,1808)
(867,220)
(181,410)
(260,292)
(295,301)
(819,1892)
(559,1176)
(655,641)
(1939,812)
(795,1690)
(1161,1103)
(1010,1143)
(885,720)
(1865,1024)
(1749,344)
(1090,324)
(1233,1167)
(1555,371)
(1296,537)
(1198,525)
(515,1458)
(451,601)
(1610,1377)
(807,1397)
(339,563)
(516,958)
(1537,965)
(221,1940)
(1486,317)
(68,304)
(1382,1929)
(1702,474)
(1345,1790)
(1341,23)
(949,188)
(1381,1638)
(1674,956)
(1577,1145)
(437,313)
(1856,1004)
(904,750)
(1211,745)
(739,1843)
(357,1943)
(1940,296)
(208,45)
(1099,1217)
(1790,451)
(346,833)
(1537,811)
(1442,1472)
(1610,586)
(1523,1825)
(668,1928)
(1932,534)
(846,804)
(1019,590)
(548,1687)
(1884,166)
(1908,1116)
(675,1690)
(1709,184)
(1112,1649)
(1871,773)
(145,1947)
(1706,1274)
(1189,1486)
(27,192)
(940,663)
(13,1954)
(2,1235)
(911,288)
(841,996)
(1282,730)
(1033,893)
(1538,1171)
(1952,1042)
(1421,306)
(1490,1078)
(1000,292)
(1554,626)
(1989,1661)
(1981,21)
(946,898)
(1184,252)
(492,584)
(1799,1356)
(707,1171)
(1855,1912)
(645,1871)
(1179,1530)
(1266,36)
(441,1882)
(1179,1012)
(217,605)
(522,88)
(163,1016)
(491,69)
(1654,1890)
(29,260)
(1373,1459)
(825,1817)
(1449,911)
(1597,1100)
(123,810)
(1036,1134)
(1927,1757)
(1592,124)
(835,1155)
(1748,699)
(1318,293)
(1213,1593)
(909,1173)
(1494,387)
(6,372)
(1705,1422)
(1068,645)
(115,919)
(1899,1439)
(76,707)
(1269,1373)
(830,1555)
(1305,1614)
(873,123)
(106,1729)
(808,1277)
(859,968)
(1903,794)
(219,1250)
(458,681)
(489,1405)
(431,1899)
(120,1791)
(778,229)
(179,69)
(1525,646)
(779,1355)
(874,155)
(1528,816)
(1449,288)
(1757,1192)
(278,351)
(658,614)
(1886,623)
(614,1969)
(938,251)
(1640,1046)
(1668,1693)
(1941,659)
(1407,1076)
(1990,157)
(1730,347)
(1585,1594)
(1920,83)
(1965,1571)
(1402,396)
(1854,910)
(1783,743)
(1494,1416)
(619,1769)
(493,1267)
(618,636)
(1701,1886)
(690,1121)
(1109,1418)
(1986,837)
(314,1883)
(1329,157)
(321,1627)
(1569,1545)
(256,699)
(1318,1305)
(1139,1589)
(1040,242)
(628,834)
(1560,1859)
(1777,114)
(1414,1920)
(1440,738)
(1999,1343)
(518,1480)
(1227,370)
(636,1972)
(1,1509)
(1569,1290)
(832,137)
(475,679)
(1284,1353)
(1480,221)
(84,1544)
(1507,1601)
(1903,1784)
(1669,431)
(1565,1802)
(1013,619)
(1312,1384)
(744,1229)
(970,1942)
(999,1658)
(1970,1662)
(117,673)
(1155,49)
(1855,1518)
(705,68)
(562,1377)
(1329,1026)
(1282,674)
(1503,104)
(638,1865)
(1674,1243)
(488,648)
(615,625)
(205,1276)
(1161,1699)
(1747,353)
(778,1239)
(704,268)
(1017,1799)
(946,830)
(863,1944)
(514,407)
(1604,767)
(939,1937)
(1757,198)
(1258,248)
(543,1255)
(900,1532)
(1290,13)
(1715,1125)
(1170,493)
(429,84)
(664,1048)
(299,212)
(1094,1836)
(1156,1516)
(26,451)
(509,230)
(144,0)
(854,1969)
(1434,384)
(1324,345)
(1778,1009)
(1367,853)
(328,562)
(879,1574)
(928,488)
(100,300)
(1282,186)
(207,1501)
(250,1817)
(1441,421)
(670,423)
(1402,130)
(471,173)
(162,1822)
(465,1921)
(1097,209)
(258,102)
(1115,1906)
(1163,1699)
(468,831)
(535,1621)
(623,1217)
(514,1385)
(699,50)
(1016,0)
(833,956)
(432,1137)
(512,1865)
(998,467)
(130,1566)
(149,666)
(1266,1099)
(1651,250)
(185,1412)
(609,264)
(1959,1185)
(465,816)
(1020,53)
(1629,585)
(1783,1365)
(1936,887)
(1571,582)
(1190,1860)
(1340,678)
(294,612)
(1872,1391)
(1409,1892)
(871,1122)
(578,33)
(1131,713)
(756,779)
(20,1904)
(70,989)
(1845,1023)
(560,1514)
(474,1564)
(1507,290)
(1413,1744)
(1470,1939)
(838,1524)
(646,559)
(406,1501)
(586,916)
(1967,1974)
(1254,1843)
(584,602)
(890,98)
(460,251)
(1153,771)
(1245,663)
(1622,1591)
(176,477)
(792,1859)
(918,602)
(1230,562)
(1426,1742)
(1531,104)
(1418,1479)
(1458,582)
(533,381)
(172,566)
(354,663)
(109,698)
(1075,1469)
(1795,1526)
(829,169)
(1592,516)
(1372,1733)
(719,478)
(826,96)
(749,839)
(1341,899)
(15,1256)
(389,1636)
(214,1361)
(846,493)
(1716,750)
(1539,1065)
(483,84)
(931,31)
(1219,1514)
(1324,844)
(665,1042)
(234,762)
(1314,1972)
(1521,966)
(623,766)
(540,308)
(137,1394)
(343,1464)
(903,1570)
(608,775)
(1213,181)
(1731,109)
(745,1935)
(1657,1451)
(727,513)
(866,1775)
(151,1044)
(1424,1414)
(117,562)
(541,972)
(1495,1745)
(128,59)
(1460,1054)
(532,1712)
(1509,1350)
(1456,767)
(1339,1486)
(928,173)
(1668,1230)
(1370,1307)
(1676,1547)
(1487,272)
(1245,1452)
(1802,1655)
(392,151)
(362,1908)
(1782,659)
(429,1396)
(1903,739)
(1445,1576)
(239,218)
(153,1759)
(714,1838)
(1370,1886)
(1202,1275)
(330,1341)
(1022,222)
(970,181)
(1834,749)
(442,355)
(1238,649)
(124,372)
(961,1091)
(332,949)
(1408,770)
(715,582)
(529,564)
(1951,478)
(1173,767)
(1459,333)
(1487,1245)
(1749,269)
(1007,1755)
(673,1197)
(1679,1841)
(285,663)
(465,197)
(1267,13)
(1104,12)
(586,992)
(573,1946)
(251,1282)
(23,1215)
(269,1718)
(1040,1510)
(516,1600)
(398,1378)
(470,122)
(445,290)
(1645,492)
(1308,1731)
(1508,89)
(605,886)
(1912,1785)
(1852,494)
(169,941)
(470,1404)
(485,816)
(1310,506)
(632,1191)
(288,1096)
(302,1599)
(1619,17)
(92,1464)
(834,929)
(918,53)
(780,789)
(953,390)
(892,1276)
(1166,449)
(1361,899)
(431,1402)
(1612,1172)
(1356,1173)
(694,269)
(131,327)
(1818,1951)
(1859,1499)
(1733,1690)
(332,401)
(1594,1302)
(927,793)
(592,410)
(1706,1384)
(902,617)
(1579,1708)
(1551,1655)
(132,619)
(1018,92)
(541,888)
(380,621)
(472,338)
(1226,1099)
(1973,1955)
(974,494)
(782,551)
(1813,1487)
(1723,24)
(885,541)
(1539,1913)
(1633,831)
(858,1069)
(1231,1600)
(1591,414)
(58,57)
(716,1340)
(898,1986)
(1508,1546)
(559,991)
(1918,216)
(1981,1837)
(1277,1908)
(895,586)
(1683,257)
(1933,1332)
(1370,239)
(841,203)
(1897,86)
(230,13)
(875,459)
(1885,1164)
(1834,1227)
(1706,188)
(443,1728)
(1148,1476)
(1133,856)
(1614,1447)
(1859,301)
(1767,1217)
(1120,888)
(862,342)
(402,1359)
(638,398)
(173,431)
(1633,528)
(1256,763)
(385,1555)
(619,1364)
(906,1779)
(324,1595)
(737,1586)
(911,1462)
(1957,1393)
(1028,1568)
(738,679)
(1761,1829)
(241,1382)
(846,1742)
(499,1370)
(1802,1460)
(1764,1177)
(1185,1975)
(261,220)
(1068,1619)
(846,1545)
(1199,911)
(1228,180)
(1688,849)
(706,1445)
(452,1655)
(1723,741)
(951,108)
(257,1847)
(333,1248)
(1947,1255)
(1918,1951)
(1543,1010)
(702,548)
(1060,633)
(446,1095)
(1838,1021)
(1238,425)
(95,893)
(912,1143)
(1338,574)
(403,874)
(1247,1384)
(1259,779)
(1112,967)
(549,1265)
(293,425)
(1970,1834)
(1450,914)
(33,1344)
(47,1469)
(1878,180)
(561,1857)
(1666,650)
(32,127)
(1810,248)
(992,1332)
(1797,1220)
(271,256)
(1795,1466)
(1719,313)
(1012,1725)
(28,1542)
(1799,271)
(1406,1590)
(968,1419)
(1497,1971)
(101,378)
(1295,1096)
(1752,1433)
(329,1700)
(1906,422)
(387,898)
(1250,714)
(1995,445)
(230,1017)
(1406,1533)
(669,1924)
(1996,25)
(1862,1252)
(1785,33)
(964,1255)
(1324,73)
(1734,673)
(1792,1022)
(229,1211)
(716,63)
(56,1145)
(613,1127)
(1663,148)
(8,873)
(44,1715)
(1233,1713)
(527,1556)
(1569,59)
(1743,277)
(1921,972)
(1938,1748)
(690,986)
(416,250)
(1257,883)
(260,602)
(1397,1975)
(1542,976)
(1305,87)
(1665,309)
(1119,1943)
(879,1496)
(641,1714)
(1724,60)
(1244,105)
(1102,427)
(1916,1990)
(1203,1631)
(1467,1855)
(89,445)
(986,1604)
(268,1096)
(139,576)
(109,1615)
(806,835)
(855,1181)
(1125,1017)
(1882,682)
(132,1117)
(725,147)
(304,549)
(371,99)
(1657,688)
(1232,1314)
(1425,678)
(1815,461)
(867,1389)
(1929,617)
(1871,21)
(229,898)
(1621,645)
(126,1822)
(1967,1026)
(706,451)
(1556,1249)
(1437,1175)
(1294,1470)
(517,1859)
(1823,1303)
(1319,415)
(364,539)
(1270,21)
(656,1253)
(162,1286)
(1851,1950)
(548,1075)
(359,1379)
(824,419)
(672,1860)
(1544,1505)
(534,1942)
(668,986)
(650,720)
(147,1154)
(144,1024)
(1414,1964)
(401,294)
(62,1985)
(1738,320)
(435,1043)
(1429,582)
(245,1650)
(381,1524)
(1414,1992)
(946,1918)
(193,589)
(1330,726)
(1401,1397)
(808,1815)
(493,1192)
(1128,1178)
(1438,906)
(1216,592)
(1009,66)
(149,1336)
(877,1213)
(871,1349)
(1435,1344)
(550,900)
(260,275)
(1899,1964)
(382,1026)
(1424,1502)
(697,625)
(1655,1451)
(416,1643)
(1082,173)
(1380,66)
(1839,84)
(1203,1921)
(813,38)
(1085,111)
(436,646)
(84,1103)
(788,785)
(1747,1731)
(452,1109)
(1924,224)
(1469,525)
(853,1891)
(423,1165)
(1718,1550)
(765,1571)
(274,812)
(1055,995)
(1160,984)
(1779,1236)
(409,862)
(1491,1574)
(283,764)
(1481,1918)
(402,958)
(490,1840)
(1392,627)
(1607,1248)
(1040,473)
(360,1621)
(886,1062)
(1975,1306)
(817,371)
(72,1629)
(340,1950)
(1034,284)
(1095,1441)
(1093,1502)
(1549,1635)
(1754,1822)
(928,802)
(1728,863)
(1947,1867)
(876,1098)
(672,1193)
(118,1271)
(1191,1603)
(1079,933)
(623,1682)
(439,159)
(1345,635)
(1091,180)
(1325,1956)
(1313,1697)
(845,670)
(820,311)
(525,1646)
(708,852)
(380,467)
(1418,687)
(955,1391)
(515,1135)
(1416,206)
(509,1754)
(1814,517)
(212,164)
(1255,649)
(1591,981)
(487,1473)
(449,702)
(1819,1967)
(1795,1952)
(1754,1589)
(881,1501)
(215,683)
(1883,966)
(1928,1661)
(1221,524)
(1295,1660)
(1336,1985)
(1906,1010)
(1127,1097)
(1352,1322)
(998,823)
(1053,906)
(1519,124)
(1804,1190)
(1141,277)
(1542,83)
(1407,1090)
(236,1958)
(421,528)
(1296,291)
(377,1176)
(1503,1259)
(58,17)
(750,488)
(1123,1711)
(842,1170)
(574,74)
(278,758)
(1199,481)
(390,1564)
(1822,1534)
(635,1011)
(597,210)
(907,884)
(898,435)
(417,1114)
(362,1675)
(115,877)
(1975,1092)
(116,1166)
(699,11)
(807,1772)
(1257,963)
(582,1957)
(538,364)
(1744,20)
(1027,108)
(1781,1349)
(1686,689)
(1548,1733)
(1313,1539)
(1932,1065)
(1052,970)
(1595,491)
(1284,602)
(320,1296)
(1952,1034)
(473,899)
(484,167)
(817,1545)
(681,429)
(1090,1867)
(732,888)
(1250,1201)
(1615,693)
(153,1570)
(379,126)
(1567,1404)
(1714,1718)
(704,1162)
(1460,1246)
(1790,668)
(640,1302)
(185,1074)
(1291,1029)
(54,741)
(1224,1160)
(1404,1735)
(1537,1615)
(1587,1218)
(135,1410)
(1122,1410)
(330,1485)
(473,426)
(1194,1165)
(1492,1418)
(23,684)
(570,1667)
(1855,377)
(808,589)
(1203,1297)
(1374,925)
(904,173)
(1610,1085)
(716,1150)
(1896,972)
(623,1874)
(1320,226)
(1943,1782)
(176,1422)
(842,562)
(1214,1288)
(1679,1958)
(914,234)
(1831,714)
(1427,224)
(1757,942)
(929,1456)
(960,1700)
(891,820)
(482,1947)
(738,636)
(404,804)
(1619,59)
(1640,821)
(909,1500)
(1131,454)
(1198,958)
(185,1027)
(731,1667)
(882,661)
(1220,1778)
(157,1519)
(1505,983)
(270,605)
(1141,478)
(28,1862)
(781,1935)
(503,1966)
(1670,1062)
(321,1082)
(1238,815)
(1266,1380)
(1033,191)
(1605,1856)
(417,267)
(1007,797)
(743,481)
(1326,234)
(802,1139)
(408,164)
(1190,1005)
(1875,276)
(1367,1803)
(1094,1605)
(535,927)
(1533,1741)
(1310,734)
(1610,514)
(726,985)
(496,62)
(870,1112)
(954,1447)
(1461,1966)
(565,968)
(1909,1013)
(812,1314)
(1154,784)
(1392,520)
(1765,981)
(1061,866)
(1576,1614)
(1404,345)
(635,1595)
(1087,684)
(186,1200)
(843,1144)
(1133,1722)
(1203,162)
(1239,950)
(1401,1509)
(687,1684)
(1949,582)
(1985,1126)
(1164,1543)
(929,1681)
(1601,1036)
(455,1577)
(380,603)
(1942,887)
(25,1917)
(1938,541)
(156,168)
(1518,694)
(943,1200)
(1219,654)
(1725,1084)
(1303,1300)
(68,1555)
(1957,591)
(244,1552)
(1148,1386)
(1349,1350)
(897,76)
(842,292)
(460,1136)
(1093,1850)
(809,56)
(1557,571)
(600,1610)
(722,1105)
(574,1121)
(717,1846)
(1158,1501)
(80,1789)
(11,819)
(1082,669)
(83,1935)
(1965,867)
(1849,416)
(1214,708)
(1000,1745)
(1907,665)
(1928,627)
(522,1538)
(1284,947)
(143,1556)
(909,39)
(1430,1153)
(185,112)
(213,1900)
(269,1872)
(1293,1270)
(166,115)
(1954,768)
(1779,242)
(583,65)
(173,428)
(1546,505)
(272,825)
(108,8)
(597,120)
(1826,461)
(272,1160)
(887,402)
(1208,1786)
(1000,852)
(164,1061)
(39,1923)
(842,1728)
(1310,954)
(1618,334)
(582,183)
(788,791)
(44,1829)
(1947,1115)
(1995,847)
(1597,590)
(1530,333)
(990,1150)
(1590,543)
(187,1205)
(1404,392)
(174,1186)
(1236,283)
(677,1595)
(185,1829)
(390,1816)
(1989,477)
(1765,1681)
(1598,541)
(690,640)
(197,565)
(1944,975)
(611,369)
(526,1819)
(1657,1593)
(1195,704)
(1534,28)
(242,755)
(1693,197)
(1529,1474)
(694,161)
(1790,104)
(221,60)
(1440,1756)
(748,757)
(272,1976)
(507,488)
(231,333)
(345,1303)
(1230,1798)
(345,646)
(156,584)
(823,1367)
(1781,353)
(1395,70)
(1414,1340)
(1411,1708)
(356,588)
(429,1376)
(549,944)
(1514,584)
(930,1901)
(1257,217)
(944,1485)
(1283,1068)
(1134,1266)
(508,405)
(1219,1017)
(912,262)
(335,1350)
(1779,672)
(89,1710)
(670,1200)
(15,585)
(372,1354)
(142,1648)
(1908,925)
(556,1606)
(668,1341)
(1414,1010)
(1567,812)
(1041,722)
(1903,1915)
(1792,1136)
(474,1648)
(714,1081)
(1374,671)
(212,898)
(787,791)
(1361,714)
(1207,1763)
(1008,1366)
(206,876)
(1791,147)
(1366,563)
(650,1789)
(1493,1257)
(180,862)
(815,1227)
(957,1683)
(994,1678)
(1520,1776)
(85,1628)
(775,426)
(1926,424)
(522,1098)
(702,1491)
(943,568)
(1560,59)
(1470,1034)
(229,441)
(1071,750)
(330,685)
(1799,299)
(528,1746)
(1661,1633)
(705,1644)
(656,403)
(767,1606)
(1972,1847)
(1016,1505)
(819,699)
(1240,714)
(682,1889)
(1406,1666)
(1310,1892)
(600,1546)
(88,1972)
(1950,1214)
(1464,1723)
(664,247)
(1672,1334)
(583,1579)
(778,1674)
(1821,951)
(1891,860)
(1553,1517)
(1679,255)
(275,1745)
(1597,1444)
(1739,202)
(1271,1284)
(1836,350)
(816,607)
(1808,1320)
(947,1022)
(1130,98)
(1922,1208)
(1596,1300)
(1111,540)
(1758,337)
(592,376)
(1250,1894)
(1890,1367)
(843,782)
(457,556)
(1336,1264)
(1285,362)
(1863,1577)
(1267,529)
(108,600)
(1147,570)
(1274,299)
(660,1932)
(797,1723)
(1111,1271)
(1644,1130)
(1085,1980)
(1352,762)
(1149,1828)
(1638,1017)
(1295,1392)
(1943,1614)
(1584,730)
(824,688)
(916,1445)
(618,808)
(825,1443)
(1169,1908)
(1482,1117)
(986,420)
(1832,1776)
(252,86)
(396,26)
(686,994)
(330,532)
(562,934)
(510,1214)
(1398,349)
(1612,1526)
(1024,64)
(1746,1737)
(113,716)
(117,1027)
(277,1217)
(242,1554)
(1045,908)
(1971,458)
(251,496)
(1643,1368)
(679,33)
(1041,619)
(973,1918)
(1884,505)
(1319,1801)
(25,118)
(1853,1567)
(1982,75)
(1621,77)
(1452,388)
(1468,1995)
(99,1171)
(1711,1506)
(1972,739)
(565,1809)
(1024,1661)
(1484,119)
(1000,241)
(187,1828)
(779,503)
(690,1234)
(87,927)
(1070,1898)
(307,1703)
(1531,430)
(1720,839)
(1291,1791)
(748,376)
(1297,57)
(1083,1695)
(1367,1392)
(444,1066)
(1460,835)
(1976,1600)
(1125,713)
(1523,1698)
(1210,1439)
(1600,1418)
(825,1060)
(1477,1344)
(1276,766)
(1492,1307)
(1366,1185)
(1213,1311)
(1731,1171)
(30,1633)
(1849,1129)
(1988,757)
(1000,1837)
(1563,877)
(540,331)
(1997,784)
(934,452)
(1626,1457)
(1482,1174)
(257,595)
(197,784)
(1059,868)
(190,425)
(394,45)
(105,1094)
(1274,1908)
(1663,1205)
(1437,1314)
(1776,844)
(1399,1796)
(851,1435)
(961,1237)
(260,1712)
(1190,867)
(1625,1607)
(1285,805)
(1902,1532)
(1932,1906)
(70,1895)
(454,1069)
(1280,449)
(1825,789)
(1227,1322)
(118,1201)
(1239,496)
(114,294)
(1242,337)
(609,148)
(890,1399)
(1278,612)
(1534,835)
(1359,917)
(1509,44)
(129,229)
(1770,1393)
(209,893)
(619,1793)
(304,1892)
(925,1525)
(809,1927)
(409,502)
(1352,544)
(1024,1699)
(975,1195)
(227,411)
(391,834)
(1753,1955)
(1806,702)
(1482,317)
(91,725)
(1633,877)
(194,577)
(1249,267)
(1810,47)
(1212,1234)
(809,1562)
(1375,1619)
(376,964)
(832,38)
(1050,233)
(560,21)
(759,1054)
(1209,1269)
(1522,803)
(1163,1210)
(1474,202)
(973,1073)
(1897,323)
(570,1483)
(1145,937)
(252,313)
(397,695)
(830,41)
(1673,795)
(1305,90)
(509,891)
(1948,1586)
(257,825)
(1289,306)
(1299,1781)
(824,859)
(512,1293)
(1955,1904)
(1561,1873)
(852,1077)
(1023,286)
(1072,101)
(1008,669)
(739,1910)
(1473,498)
(1179,1837)
(837,290)
(464,629)
(1537,1402)
(716,1823)
(1569,474)
(1486,1246)
(1439,1383)
(1104,1635)
(988,1073)
(1850,153)
(990,13)
(1587,206)
(1984,1619)
(1332,1914)
(52,878)
(777,161)
(1872,1291)
(239,1219)
(368,1011)
(478,678)
(1869,451)
(1340,156)
(323,1862)
(1105,1997)
(616,474)
(1535,222)
(1500,1207)
(679,1833)
(1607,941)
(504,1183)
(1911,1997)
(688,1203)
(1529,458)
(559,40)
(1677,1309)
(1074,1173)
(1933,1720)
(1701,1942)
(1906,1981)
(48,255)
(931,495)
(1227,1038)
(1385,1076)
(1463,1904)
(1904,1672)
(1311,1616)
(831,1759)
(1255,451)
(1112,544)
(490,1148)
(1379,1608)
(1835,990)
(627,1873)
(655,1871)
(1470,17)
(952,1045)
(1428,1370)
(313,721)
(383,465)
(1229,779)
(1557,1157)
(1603,961)
(761,819)
(795,112)
(1195,627)
(1793,566)
(768,788)
(474,1303)
(292,1135)
(20,955)
(1262,1292)
(899,740)
(1915,544)
(1268,1575)
(37,1863)
(418,1630)
(1279,1810)
(1630,444)
(1414,216)
(254,1446)
(552,884)
(909,1261)
(1976,768)
(1245,265)
(1865,1566)
(1013,1804)
(1052,816)
(1578,1183)
(1994,76)
(430,1860)
(1865,1933)
(1280,1190)
(1838,448)
(454,1227)
(965,1168)
(833,1697)
(1417,330)
(385,1120)
(1255,364)
(689,375)
(422,1808)
(419,728)
(1840,1586)
(1157,1849)
(1618,727)
(514,1945)
(1594,662)
(898,956)
(407,362)
(892,597)
(212,255)
(608,61)
(936,936)
(1106,404)
(1320,547)
(1987,685)
(745,271)
(111,649)
(1737,131)
(448,723)
(147,746)
(1713,1687)
(661,1214)
(61,633)
(1023,329)
(53,46)
(58,382)
(1407,1397)
(1774,1042)
(1424,1924)
(1744,57)
(656,89)
(467,937)
(585,1259)
(315,1912)
(103,234)
(1558,839)
(1792,350)
(68,533)
(241,784)
(571,1894)
(1686,819)
(96,976)
(607,1194)
(1020,1036)
(1192,1666)
(525,1538)
(504,1741)
(169,255)
(357,688)
(1040,1198)
(970,1633)
(867,1616)
(767,714)
(635,1776)
(1435,996)
(1425,1527)
(1337,1658)
(1262,905)
(1382,1386)
(1382,764)
(1007,489)
(280,928)
(679,1566)
(648,504)
(1669,1934)
(1510,1063)
(1802,917)
(1806,521)
(1546,217)
(13,907)
(857,574)
(890,1009)
(1368,1)
(902,1114)
(1077,578)
(982,187)
(1418,736)
(483,668)
(863,1041)
(980,370)
(1644,1036)
(447,1152)
(643,1311)
(253,1235)
(217,1621)
(1859,1333)
(1389,1757)
(140,109)
(1891,1750)
(1046,152)
(1864,156)
(272,1582)
(601,1495)
(1578,419)
(248,1424)
(35,1455)
(1644,1549)
(1467,1640)
(1389,1590)
(651,1245)
(841,1150)
(1916,272)
(488,675)
(668,1250)
(382,432)
(1900,1041)
(323,161)
(899,306)
(1809,1352)
(1713,102)
(1886,1192)
(1653,1374)
(137,1972)
(955,1748)
(599,827)
(768,529)
(733,343)
(1457,600)
(168,288)
(1521,693)
(1798,1735)
(1762,1291)
(93,855)
(1732,909)
(713,518)
(1946,958)
(1982,1801)
(599,530)
(1529,886)
(723,1700)
(1152,1158)
(773,60)
(352,226)
(1426,1127)
(1544,1299)
(532,732)
(1782,1491)
(1955,1702)
(569,358)
(1751,847)
(1280,568)
(315,1)
(1910,1110)
(1159,676)
(1535,1069)
(779,1137)
(397,184)
(22,798)
(774,939)
(1188,885)
(1211,1165)
(1812,1886)
(1179,957)
(220,515)
(898,1590)
(1220,1078)
(806,616)
(737,526)
(1959,1741)
(205,1574)
(1224,290)
(287,1396)
(92,503)
(1612,356)
(1065,763)
(1524,170)
(895,1901)
(1905,1681)
(1807,1957)
(1180,1174)
(1369,631)
(400,771)
(1663,879)
(647,900)
(342,1919)
(372,593)
(1555,1702)
(1432,1768)
(1873,1659)
(874,1110)
(1615,1797)
(1215,772)
(344,1946)
(659,1290)
(717,1118)
(651,1470)
(516,1750)
(1869,164)
(1740,230)
(1782,523)
(1275,703)
(1805,673)
(136,1307)
(860,954)
(1733,1853)
(637,1262)
(819,1889)
(855,1492)
(1099,346)
(1095,791)
(1100,1918)
(853,1321)
(1847,1398)
(1341,123)
(538,936)
(708,1315)
(1984,211)
(1593,182)
(1663,628)
(499,1230)
(140,641)
(192,266)
(898,6)
(209,818)
(1912,144)
(1463,1059)
(778,779)
(1364,1791)
(669,1293)
(150,1562)
(775,833)
(177,68)
(1894,466)
(1005,1265)
(874,412)
(511,1898)
(1743,1918)
(814,1844)
(1562,505)
(795,1557)
(1135,1500)
(1883,329)
(963,1479)
(145,625)
(698,1504)
(99,1686)
(820,278)
(849,737)
(1754,1550)
(624,1713)
(1903,1327)
(489,1320)
(605,1757)
(1951,1402)
(6,253)
(1401,221)
(783,164)
(1083,699)
(1032,1359)
(181,1015)
(1213,758)
(924,1314)
(808,1675)
(1694,1783)
(1584,977)
(1205,156)
(1549,1204)
(234,1959)
(1510,454)
(235,783)
(746,409)
(907,1039)
(556,323)
(275,109)
(323,1200)
(839,1658)
(1731,1381)
(40,859)
(1753,1133)
(1617,3)
(1456,1738)
(1521,754)
(1191,1092)
(1796,1932)
(1046,1563)
(1722,1542)
(1110,1753)
(1104,1450)
(1456,166)
(1845,765)
(1177,1487)
(1692,481)
(1072,371)
(389,790)
(1501,1504)
(497,595)
(1735,399)
(1236,1952)
(103,1101)
(1151,1441)
(292,1462)
(300,1604)
(1884,800)
(1831,887)
(238,1061)
(1628,768)
(1237,1116)
(1247,62)
(1798,618)
(593,172)
(1118,629)
(334,96)
(1924,526)
(192,566)
(297,1051)
(204,252)
(901,1964)
(911,256)
(1482,412)
(800,470)
(407,1271)
(682,1372)
(920,819)
(47,776)
(1159,1464)
(1565,468)
(1825,83)
(704,1782)
(864,731)
(1563,1758)
(369,1215)
(1921,19)
(758,486)
(1025,986)
(257,1622)
(1822,230)
(458,1325)
(738,1699)
(1484,1168)
(1150,433)
(670,1258)
(768,1220)
(479,829)
(977,78)
(1290,1024)
(63,335)
(1603,1728)
(1975,493)
(463,1165)
(769,1637)
(905,1908)
(1560,965)
(1480,1718)
(1424,1858)
(1630,1644)
(1373,734)
(1981,752)
(1262,1172)
(870,1934)
(823,1739)
(1154,998)
(1460,527)
(1489,1160)
(212,1613)
(1054,559)
(316,1637)
(3,269)
(1840,517)
(1782,251)
(527,717)
(1336,1745)
(937,1779)
(1369,1584)
(475,564)
(598,791)
(1784,1228)
(1124,1852)
(801,1536)
(158,200)
(1778,1482)
(563,561)
(1352,346)
(893,1920)
(897,1440)
(970,346)
(1234,1233)
(1625,438)
(773,817)
(924,158)
(1556,185)
(347,1930)
(1879,1207)
(1126,533)
(181,158)
(1114,753)
(517,1050)
(1711,1133)
(1470,1884)
(536,1459)
(1312,820)
(989,337)
(850,965)
(152,570)
(844,67)
(1189,338)
(1278,1545)
(76,1478)
(1911,1870)
(1091,392)
(729,1161)
(285,1647)
(1053,279)
(816,1830)
(327,750)
(285,480)
(851,1087)
(1227,198)
(957,1617)
(1683,1263)
(1607,520)
(1608,1740)
(799,244)
(1615,419)
(1851,1161)
(143,1291)
(1348,457)
(330,1459)
(1050,263)
(836,1819)
(1667,725)
(1777,1975)
(588,1160)
(1811,1869)
(221,1706)
(933,1366)
(125,1429)
(581,653)
(1734,16)
(565,196)
(155,1544)
(1082,1980)
(460,355)
(1006,1905)
(1454,1529)
(185,593)
(1509,622)
(10,970)
(469,749)
(839,755)
(618,1381)
(1212,293)
(960,1809)
(1970,1079)
(192,764)
(790,1648)
(895,1751)
(1251,1745)
(582,1901)
(1498,458)
(208,1883)
(482,1545)
(277,1725)
(163,598)
(704,552)
(1637,647)
(187,370)
(1926,680)
(1120,1739)
(1785,1097)
(625,731)
(1313,123)
(1730,1021)
(1047,1705)
(850,1553)
(531,1015)
(1796,831)
(965,101)
(1920,1046)
(1406,1074)
(546,1548)
(836,63)
(1324,232)
(785,714)
(243,136)
(918,655)
(1013,718)
(1974,952)
(971,1735)
(1214,1435)
(1440,1593)
(567,77)
(561,552)
(116,599)
(234,54)
(1505,1321)
(502,485)
(914,973)
(606,1746)
(1397,501)
(664,1589)
(807,1457)
(798,141)
(935,1041)
(1096,1819)
(479,1719)
(867,1238)
(79,61)
(1392,1311)
(39,1892)
(978,1849)
(1443,1285)
(220,381)
(1350,767)
(560,1540)
(794,492)
(1044,1410)
(1876,924)
(1844,365)
(1611,8)
(484,1353)
(424,1515)
(157,293)
(1149,399)
(622,1489)
(593,1455)
(1774,1138)
(473,1853)
(1638,1032)
(1944,598)
(457,50)
(216,1705)
(1943,1227)
(1006,847)
(1044,296)
(994,838)
(1078,7)
(1103,1084)
(136,998)
(828,365)
(1034,886)
(334,1400)
(1332,456)
(1268,1928)
(1771,878)
(1326,1692)
(57,272)
(1439,507)
(1846,1694)
(414,575)
(905,392)
(1492,1467)
(1943,1111)
(380,1407)
(912,1792)
(1624,1367)
(1377,789)
(666,1961)
(1907,572)
(644,780)
(382,1046)
(1251,399)
(215,1384)
(1095,1658)
(1217,226)
(523,319)
(74,239)
(1112,1866)
(1499,1855)
(1676,527)
(1829,1190)
(1330,1666)
(1564,1942)
(712,1028)
(510,1587)
(419,1154)
(1148,859)
(604,266)
(387,889)
(1173,1677)
(418,429)
(31,1546)
(1216,864)
(1840,1782)
(1425,759)
(624,497)
(1591,187)
(1892,1114)
(829,256)
(163,1313)
(1313,1138)
(1510,710)
(866,1117)
(1244,298)
(399,1722)
(532,684)
(2,579)
(680,108)
(1279,1132)
(353,129)
(1199,1836)
(1662,215)
(1209,1238)
(183,986)
(928,546)
(37,1163)
(242,606)
(223,1924)
(54,1585)
(1795,1637)
(593,947)
(1166,1423)
(1611,9)
(1457,1352)
(317,676)
(1917,726)
(1647,139)
(28,1979)
(1193,1896)
(1412,203)
(1477,534)
(1661,978)
(62,71)
(434,839)
(37,2)
(633,1393)
(1388,52)
(1354,1233)
(945,1302)
(740,1491)
(953,327)
(1788,1060)
(1253,344)
(1202,145)
(750,1788)
(861,1)
(1352,1005)
(115,1849)
(277,1053)
(329,415)
(646,26)
(1414,1125)
(1209,962)
(1853,1963)
(1187,801)
(1512,1580)
(1757,890)
(1967,700)
(512,188)
(1114,327)
(1788,1703)
(615,166)
(601,386)
(608,809)
(1692,1937)
(1912,841)
(104,1960)
(443,5)
(1890,1627)
(80,1934)
(31,778)
(1665,1611)
(1261,83)
(21,1823)
(433,1313)
(1229,1246)
(1993,670)
(709,1044)
(999,677)
(1496,491)
(1928,1946)
(397,1637)
(1805,697)
(1393,973)
(733,104)
(1663,1851)
(1027,1776)
(11,1179)
(422,668)
(571,431)
(969,344)
(120,1493)
(600,1262)
(988,711)
(68,1390)
(24,1692)
(1191,1250)
(123,1647)
(575,129)
(1413,291)
(1349,169)
(149,1303)
(1552,1870)
(1950,1170)
(974,714)
(1857,213)
(1475,1028)
(659,621)
(1757,1886)
(489,952)
(535,1926)
(1997,795)
(1818,53)
(1861,720)
(1173,380)
(1283,464)
(1889,1354)
(840,1032)
(469,608)
(1847,1689)
(1265,1858)
(1512,1280)
(1573,1330)
(1970,101)
(1443,77)
(1556,1059)
(1292,1201)
(666,221)
(1909,1884)
(1155,721)
(1752,724)
(514,456)
(938,721)
(1625,1162)
(271,1135)
(296,1277)
(1564,306)
(1252,84)
(886,1331)
(125,394)
(1206,1301)
(1640,1644)
(180,601)
(654,856)
(1683,1480)
(1709,475)
(57,1851)
(1043,506)
(1791,1009)
(623,104)
(1507,1279)
(871,1326)
(1221,805)
(1131,389)
(1784,1234)
(655,1920)
(750,940)
(596,417)
(431,845)
(1122,1280)
(1662,489)
(1608,264)
(686,1150)
(352,1198)
(1692,631)
(1036,60)
(960,670)
(212,945)
(1598,1900)
(1638,276)
(946,182)
(134,1083)
(1689,922)
(869,1832)
(291,595)
(720,169)
(1213,1529)
(549,1691)
(578,1309)
(563,869)
(128,671)
(1374,1426)
(1692,1589)
(1458,392)
(281,919)
(1390,347)
(1449,1623)
(1833,1988)
(416,801)
(1673,1138)
(585,422)
(685,419)
(1688,885)
(819,542)
(14,971)
(1464,1576)
(1610,1663)
(1465,746)
(1388,557)
(1212,1325)
(718,1298)
(520,1957)
(28,142)
(796,1606)
(1163,767)
(72,142)
(1670,1704)
(1555,1145)
(1137,931)
(1359,1262)
(1499,844)
(627,1890)
(634,631)
(256,270)
(1986,1066)
(1782,1599)
(1436,1495)
(1601,1777)
(1152,1525)
(429,1291)
(525,1616)
(1058,1130)
(109,355)
(1410,290)
(976,1036)
(315,800)
(1550,1648)
(1566,1381)
(1207,875)
(1408,210)
(1223,457)
(984,1277)
(1414,316)
(384,147)
(948,649)
(1806,1918)
(1940,342)
(600,1492)
(1817,863)
(1550,1958)
(1859,175)
(1163,1691)
(1216,633)
(836,219)
(1149,373)
(1873,8)
(500,319)
(640,876)
(1403,1064)
(1735,1434)
(1839,491)
(1816,1502)
(1097,585)
(1401,787)
(1128,1306)
(1908,1416)
(241,313)
(1208,760)
(1541,1107)
(649,1439)
(315,1174)
(1945,1720)
(1160,85)
(210,1021)
(129,1517)
(1352,175)
(1933,749)
(857,556)
(202,1726)
(105,1216)
(1141,954)
(1246,299)
(133,1234)
(284,747)
(151,255)
(841,1885)
(1935,1817)
(1910,1180)
(999,164)
(861,423)
(873,183)
(1905,199)
(1301,331)
(1531,1897)
(1552,1372)
(1131,1718)
(1103,397)
(141,1268)
(1453,921)
(875,1483)
(1244,230)
(1239,1859)
(702,1180)
(911,1197)
(1191,1713)
(299,1973)
(1813,611)
(1891,1969)
(1990,146)
(449,1304)
(1737,1361)
(177,874)
(1526,1375)
(595,514)
(978,657)
(317,84)
(152,1398)
(33,1531)
(409,959)
(1087,1786)
(1239,106)
(1733,1589)
(879,894)
(1236,556)
(873,362)
(872,490)
(137,1223)
(1235,626)
(1057,1361)
(307,977)
(899,1262)
(852,268)
(651,413)
(557,1677)
(1105,1161)
(1538,124)
(1203,743)
(398,1273)
(758,1773)
(584,867)
(471,480)
(1,337)
(922,1304)
(1241,1075)
(854,270)
(515,83)
(119,673)
(731,16)
(1203,51)
(956,1064)
(1956,119)
(865,1537)
(1893,1731)
(973,816)
(1693,803)
(1485,1296)
(658,1804)
(1649,251)
(1627,769)
(101,1244)
(85,677)
(1330,1709)
(841,1351)
(1789,1470)
(1314,227)
(993,660)
(990,908)
(79,185)
(100,174)
(1585,1471)
(1742,880)
(658,1954)
(83,1740)
(169,1194)
(41,1327)
(1144,869)
(360,1738)
(547,515)
(484,96)
(296,1997)
(618,955)
(1362,981)
(239,1798)
(237,1191)
(1814,959)
(1146,439)
(1131,611)
(1750,359)
(1563,375)
(38,1077)
(1587,1062)
(1219,1563)
(770,706)
(1575,693)
(1304,507)
(319,1591)
(85,1213)
(1787,393)
(1478,1690)
(619,1152)
(1107,205)
(470,280)
(1704,1295)
(148,303)
(1783,236)
(831,1515)
(552,1636)
(1462,448)
(575,699)
(1298,416)
(1894,857)
(734,1124)
(1782,1026)
(1456,278)
(461,929)
(1089,294)
(275,1852)
(358,437)
(1861,865)
(1224,1343)
(947,1305)
(1231,1080)
(1991,1007)
(1795,597)
(1404,686)
(644,149)
(1604,1145)
(228,541)
(174,1543)
(40,1218)
(1782,245)
(1517,800)
(1168,175)
(370,135)
(1128,913)
(12,1303)
(1059,1093)
(456,421)
(496,1394)
(243,1782)
(1366,977)
(1644,1299)
(1793,398)
(1343,916)
(337,1938)
(1556,111)
(91,1537)
(495,612)
(1414,350)
(357,878)
(1116,683)
(203,26)
(178,431)
(1410,1858)
(901,233)
(333,1070)
(691,130)
(1900,1232)
(872,187)
(1036,960)
(1398,1117)
(305,1294)
(480,1455)
(253,124)
(1787,1104)
(552,285)
(1377,1349)
(806,1428)
(837,1330)
(403,1281)
(1366,1695)
(1215,437)
(1431,1932)
(699,384)
(1012,1485)
(340,1811)
(1223,1234)
(771,750)
(1176,1039)
(1889,1927)
(1097,1683)
(204,903)
(882,1203)
(1871,1580)
(1413,1607)
(1006,1075)
(22,1188)
(1010,1421)
(1485,1503)
(382,1149)
(234,540)
(1635,949)
(1505,767)
(1271,1128)
(1982,1590)
(778,425)
(1948,1331)
(971,1196)
(822,1542)
(1596,648)
(1418,1540)
(57,1701)
(1822,1959)
(129,1654)
(1238,1864)
(907,1735)
(1256,1742)
(1325,968)
(953,1132)
(1613,1460)
(1935,1170)
(1608,932)
(765,1174)
(739,1098)
(1644,1)
(212,1743)
(714,1166)
(1144,1766)
(79,967)
(1032,499)
(1885,1236)
(1163,9)
(672,1046)
(1804,1171)
(55,981)
(1289,1284)
(860,174)
(1639,427)
(1643,1225)
(1178,1325)
(852,1294)
(711,388)
(1075,1164)
(1961,251)
(1939,866)
(570,267)
(138,471)
(1722,57)
(592,232)
(609,1002)
(1212,1776)
(939,18)
(879,932)
(767,797)
(427,1594)
(47,1071)
(1959,1688)
(1956,1132)
(1858,1190)
(151,397)
(899,1825)
(1489,1363)
(183,1861)
(1067,128)
(1259,32)
(698,759)
(1906,222)
(1557,366)
(1515,1340)
(1959,244)
(1017,1106)
(557,1737)
(1070,872)
(892,80)
(1741,1422)
(548,1744)
(800,966)
(384,1605)
(384,1930)
(550,123)
(1475,1766)
(709,677)
(1443,338)
(390,1850)
(1071,1576)
(1545,1593)
(203,914)
(907,63)
(1635,1612)
(871,74)
(332,884)
(969,770)
(1803,405)
(1326,1967)
(466,1263)
(1330,462)
(1757,1935)
(411,76)
(1577,486)
(156,384)
(345,456)
(1625,758)
(1195,984)
(1762,1600)
(817,809)
(1412,1813)
(266,300)
(1100,842)
(683,1117)
(1596,6)
(358,1155)
(791,419)
(391,1696)
(1482,1944)
(994,1199)
(1687,1745)
(1247,1419)
(1887,1630)
(841,1324)
(49,1473)
(1375,699)
(1259,351)
(1012,1869)
(288,567)
(1203,826)
(1103,254)
(1025,330)
(1168,281)
(734,189)
(872,725)
(809,720)
(699,276)
(1652,225)
(1040,947)
(1721,617)
(1936,1468)
(151,577)
(452,153)
(1477,423)
(810,715)
(692,992)
(1998,1822)
(1079,1857)
(1387,1900)
(1132,731)
(311,531)
(27,1192)
(1199,1626)
(1185,0)
(204,1255)
(1697,530)
(375,1033)
(1143,267)
(490,1580)
(1341,1024)
(278,1994)
(1305,458)
(1854,708)
(1982,1514)
(1428,682)
(560,1196)
(441,1449)
(229,1701)
(459,990)
(1276,762)
(878,80)
(673,52)
(793,756)
(835,1621)
(901,1899)
(438,1609)
(1239,1444)
(31,1446)
(1480,565)
(1136,559)
(647,392)
(941,814)
(1269,119)
(742,1527)
(286,773)
(1224,81)
(160,1666)
(1619,129)
(1967,1716)
(1108,1033)
(694,1890)
(1503,1712)
(1620,846)
(1760,1755)
(462,225)
(251,977)
(286,1419)
(1464,1496)
(180,759)
(527,1434)
(1110,1557)
(1834,1803)
(290,1274)
(583,1269)
(123,1058)
(283,545)
(1744,4)
(263,1619)
(1188,630)
(701,989)
(429,1181)
(278,629)
(781,765)
(715,1346)
(1936,565)
(534,1431)
(1641,1265)
(1711,1967)
(1440,77)
(31,1176)
(568,1077)
(582,835)
(487,1489)
(434,1661)
(1780,913)
(1156,1032)
(1954,1667)
(5,1516)
(1652,398)
(1524,381)
(670,22)
(900,1698)
(1989,1812)
(71,757)
(1959,812)
(1380,725)
(1980,673)
(700,393)
(1027,1552)
(1114,1994)
(419,1387)
(1458,1113)
(170,976)
(1932,1210)
(701,730)
(1850,1789)
(709,717)
(851,419)
(1553,810)
(463,468)
(102,1091)
(140,191)
(1923,1142)
(1295,74)
(1590,820)
(1113,220)
(1326,1391)
(2,717)
(252,1723)
(1287,477)
(801,986)
(1043,1726)
(746,1065)
(1169,459)
(735,130)
(871,94)
(1965,144)
(1826,814)
(315,156)
(526,1396)
(1717,1831)
(1394,647)
(263,919)
(689,497)
(1060,664)
(1566,829)
(569,961)
(97,1304)
(1593,237)
(1629,1879)
(963,1660)
(919,495)
(481,498)
(386,149)
(1368,593)
(1385,1628)
(890,1752)
(680,1834)
(1231,232)
(440,1777)
(1096,1891)
(1460,1342)
(335,1001)
(413,1224)
(81,266)
(1098,668)
(243,40)
(1667,1683)
(13,55)
(1795,162)
(1505,1560)
(1097,338)
(525,999)
(556,1288)
(1394,1678)
(1643,447)
(1723,1045)
(1063,964)
(1786,1914)
(1358,757)
(1517,569)
(229,522)
(435,1090)
(1945,970)
(1267,122)
(757,916)
(1242,1944)
(942,1793)
(453,923)
(1083,477)
(381,210)
(1502,123)
(735,1146)
(1373,1635)
(447,1934)
(1086,1454)
(752,740)
(914,205)
(7,286)
(657,924)
(311,529)
(1785,415)
(1610,1564)
(723,1582)
(1444,1551)
(1569,52)
(1065,140)
(589,762)
(347,1941)
(1341,1388)
(295,972)
(187,966)
(1000,1573)
(98,1940)
(238,1978)
(1592,173)
(1830,1200)
(235,338)
(343,165)
(593,1849)
(1738,992)
(1529,146)
(1540,1638)
(1712,1309)
(838,429)
(426,357)
(1459,1363)
(874,79)
(869,1404)
(552,1706)
(1389,1859)
(1953,1925)
(1125,1817)
(1115,949)
(1794,154)
(274,1980)
(425,1408)
(1120,1535)
(387,1923)
(950,547)
(418,1104)
(1130,485)
(385,1971)
(1610,1932)
(958,419)
(341,1358)
(1632,1040)
(686,739)
(1016,526)
(1106,1882)
(391,1413)
(849,1988)
(1327,435)
(869,344)
(1964,1101)
(1304,1083)
(761,580)
(1469,192)
(563,1643)
(1561,136)
(1273,763)
(724,1481)
(1719,1745)
(377,280)
(60,977)
(1998,1956)
(938,540)
(537,886)
(232,20)
(5,190)
(114,1182)
(1276,287)
(1636,1217)
(1000,1250)
(1606,1133)
(692,569)
(128,1201)
(303,339)
(820,1755)
(1654,833)
(919,223)
(509,1349)
(375,1568)
(1068,1271)
(148,260)
(975,1048)
(534,1258)
(1402,1478)
(961,281)
(720,1538)
(1649,629)
(270,1648)
(1789,1344)
(278,525)
(835,1256)
(157,1516)
(1446,1979)
(945,221)
(1274,1258)
(1941,992)
(95,949)
(698,1826)
(433,1810)
(1621,119)
(150,1177)
(1191,986)
(1306,800)
(1191,1805)
(1052,1118)
(931,281)
(140,1109)
(1045,122)
(656,1405)
(1970,1972)
(1512,1583)
(132,1708)
(1600,1516)
(377,678)
(1158,270)
(1032,1497)
(125,1723)
(252,936)
(1421,438)
(368,1181)
(632,178)
(26,957)
(290,1595)
(686,1824)
(140,1173)
(55,583)
(575,1713)
(1508,1109)
(617,1006)
(400,948)
(1233,1904)
(1328,781)
(976,651)
(572,1836)
(40,20)
(296,195)
(751,1623)
(1089,1505)
(1983,1329)
(409,1271)
(985,702)
(1220,487)
(50,298)
(851,974)
(1948,1577)
(1569,1135)
(888,1067)
(1459,1059)
(88,1339)
(216,1583)
(805,572)
(1959,0)
(1189,1322)
(1056,1622)
(1129,1407)
(589,1363)
(382,876)
(1412,964)
(1594,861)
(1033,229)
(646,849)
(1469,1300)
(650,1546)
(583,861)
(1983,1204)
(97,1561)
(66,1436)
(857,1814)
(790,1656)
(828,449)
(1524,285)
(1251,970)
(1804,1443)
(1092,1820)
(152,1040)
(848,1644)
(789,455)
(911,1007)
(969,756)
(111,18)
(538,271)
(1303,645)
(1675,1362)
(359,389)
(1656,1060)
(1641,523)
(223,1857)
(1663,1835)
(1017,907)
(1572,432)
(484,1099)
(1585,399)
(1360,488)
(1692,1101)
(1052,836)
(828,1720)
(260,300)
(156,1823)
(153,341)
(775,1620)
(616,474)
(1205,1441)
(559,863)
(809,155)
(233,1378)
(131,538)
(1427,1101)
(1623,720)
(1928,451)
(115,142)
(1158,1933)
(1796,591)
(72,898)
(58,398)
(851,588)
(1936,146)
(1027,1623)
(1778,935)
(1398,543)
(276,87)
(1484,1953)
(356,1203)
(555,922)
(1000,1204)
(681,1920)
(475,985)
(1471,399)
(1961,1290)
(832,806)
(1011,896)
(72,504)
(128,1525)
(974,1359)
(843,62)
(1950,1005)
(50,1066)
(86,589)
(1318,935)
(1354,150)
(113,1605)
(1980,1327)
(872,1865)
(1480,1674)
(951,392)
(775,80)
(1400,1819)
(1151,17)
(617,406)
(1728,379)
(1711,1836)
(900,814)
(1841,442)
(579,953)
(271,1818)
(1644,1097)
(133,533)
(486,1052)
(1561,1578)
(1967,591)
(1106,479)
